9.130
2.193
20.476
4.789
2.528
44.342
1.758
25.273
0.442
2.804
0.300
21.397
1.301
2.118
2.765
0.814
3.108
1.301
30.394
2.236
0.988
5.676
1.126
0.482
2.034
2.453
22.894
3.039
6.672
7.327
0.099
11.246
2.370
0.180
14.634
5.803
0.727
0.010
47.826
0.239
33.334
0.118
5.162
1.533
3.599
0.843
2.648
0.185
0.633
7.828
1.533
0.381
7.861
14.298
0.604
2.463
2.607
8.374
48.282
0.753
11.568
4.387
7.704
1.361
2.053
445.191
8.456
3.029
2.180
15.046
6.464
75.639
3.631
5.863
3.016
3.646
1.279
0.145
3.373
1.042
0.273
4.945
4.918
35.096
3.329
1.431
16.927
0.110
1.541
0.650
5.041
7.086
3.932
2.013
0.285
5.752
2.112
30.935
3.226
0.405
0.440
2.284
46.744
1.325
0.921
3.404
0.943
5.443
14.031
0.793
3.060
0.166
3.637
10.586
11.753
181.918
0.216
3.172
0.534
1.519
5.321
2.680
0.804
7.297
2.222
6.085
2.056
0.944
6.789
0.392
2.057
2.950
7.215
1.699
2.130
0.645
6.822
4.666
4.301
38.606
1.248
3.561
0.256
1.436
0.092
0.327
8.284
11.171
1.732
5.543
5.131
10.327
1.764
135.635
3.936
1.069
2.951
4.209
4.131
2.839
0.503
2.309
5.972
11.002
0.806
4.014
6.525
3.922
0.742
1.801
8.010
0.463
1.828
0.203
2.696
2.617
11.272
19.037
2.922
27.254
0.252
0.623
1.136
15.863
2.042
0.514
3.621
3.557
1.645
3.054
3.954
1.132
8.449
12.571
3.027
0.683
22.527
153.685
0.879
1.457
6.879
0.527
0.046
34.180
2.586
3.222
6.856
0.376
3.041
5.274
0.070
6.209
2.099
13.275
6.597
47.201
6.572
1.740
3.291
1.187
49.814
3.128
2.061
2.058
0.401
2.512
0.445
4.084
4.156
5.500
19.726
0.572
1.923
5.262
4.789
1.207
0.004
10.453
0.878
4.815
1.714
2.971
1.397
9.626
6.071
14.860
13.576
4.571
2.178
1.607
0.072
2.035
2.012
5.216
2.042
4.879
2.300
46.031
3.486
1.107
31.119
0.225
0.532
9.789
5.746
0.405
0.219
1.567
33.652
1.150
0.474
0.182
4.543
37.201
2.041
2.643
2.585
4.541
1.195
3.832
2.053
8.771
10.533
1.611
4.830
0.225
0.714
1.680
11.910
1.819
0.209
0.541
7.838
11.543
2.985
10.964
2.925
1.440
0.465
2.788
3.660
0.640
3.742
1.359
0.468
1.312
1.115
15.342
1.950
5.488
9.447
9.652
5.507
5.519
18.087
12.521
6.926
1.428
4.034
1.603
1.347
2.697
58.478
5.362
0.279
0.247
20.824
10.276
0.922
21.327
0.034
4.903
38.288
0.153
20.059
1.158
10.445
0.252
1.412
3.157
0.760
0.389
1.787
1.663
3.219
21.406
1.001
0.141
7.233
1.998
1.994
4.158
10.745
0.617
1.588
13.581
5.906
0.831
0.664
1.436
4.054
0.563
5.708
5.640
30.679
14.112
2.325
8.799
0.650
1.184
0.403
5.134
4.402
3.062
1.241
10.268
2.187
3.693
1.778
12.485
5.222
0.022
50.544
28.515
0.577
1.930
6.948
3.340
27.992
4.930
0.012
3.668
3.345
5.012
19.203
1.163
8.399
2.154
0.016
2.210
0.989
0.212
1.621
1.666
15.152
1.594
4.466
0.473
4.495
6.812
1.096
6.983
3.307
0.274
0.316
1.793
13.576
2.488
2.512
0.492
9.680
2.968
1.448
0.812
0.985
2.343
0.286
1.717
8.802
0.256
5.659
0.385
13.978
0.491
7.205
4.155
1.126
0.038
11.829
2.785
1.505
2.042
0.736
381.981
0.183
0.007
5.006
4.337
0.056
38.148
6.205
17.006
1.610
1.625
0.215
5.032
12.308
3.543
1.821
2.561
1.212
4.883
1.106
1.330
0.310
3.375
0.068
11.574
6.274
0.625
23.048
27.094
8.158
3.878
7.578
8.571
0.274
11.518
679.393
9.854
2.253
1.778
3.447
3.164
0.775
2.418
18.321
4.416
1.283
153.140
0.940
1.390
2.677
5.420
2.418
12.235
2.614
0.318
1.299
0.517
4.923
3.504
0.483
0.738
0.307
91.076
4.383
2.375
0.380
20.905
23.000
0.072
1.087
0.831
4.783
1.636
3.547
191.612
4.967
0.779
1.996
2.401
5.200
2.831
5.722
4.406
2.950
26.069
2.873
0.248
0.328
0.035
0.559
16.310
4.923
1.715
21.764
1.846
6.761
1.757
3.266
10.298
1.447
3.346
35.537
2.984
0.683
0.559
0.627
7.048
0.493
10.542
2.663
1.676
3.492
0.031
8.990
3.075
0.819
0.881
0.192
7.593
3.211
6.005
0.377
0.922
435.436
1.742
26.191
1.437
8.419
3.774
1.840
8.813
0.947
6.991
2.061
2.603
0.544
1.207
1.471
4.891
12.524
0.345
4.124
7.006
42.688
6.422
40.116
0.506
0.500
2.111
2.677
0.140
4.909
1.186
0.826
0.146
1.969
12.317
0.477
0.213
0.797
1.896
1.638
0.013
3.692
3.781
0.010
3.089
17.614
5.958
7.891
3.314
1.550
0.480
1.011
0.247
3.709
5.281
7.172
69.383
20.704
1.945
8.186
0.430
9.408
3.133
13.426
0.700
4.682
1.739
5.964
4.223
2.373
0.585
0.601
11.457
3.995
0.824
1.973
2.738
0.408
1.718
4.263
47.353
1.290
1.511
1.556
0.347
5.432
24.683
1.131
2.281
2.196
6.551
1.392
0.941
3.407
3.364
4.913
0.321
6.985
3.105
139.585
4.319
1.834
2.159
4.059
9.186
1.651
2.071
5.028
26.225
3.802
12.424
13.655
1.986
4.858
0.408
28.586
8.183
0.290
0.367
12.267
3.740
0.273
2.407
0.173
1.005
4.960
1.077
31.192
1.184
0.161
3.974
0.524
7.597
1.081
6.694
35.635
5.918
0.786
32.172
2.311
7.281
0.931
5.571
1.678
0.980
2.902
2.471
2.628
21.746
2.815
8.114
2.900
0.464
0.909
164.403
0.388
3.696
0.321
5.273
1.363
1.414
0.999
2.783
0.709
15.918
3.218
0.446
0.888
1.771
4.521
0.250
1.343
17.870
12.755
0.198
16.633
5.834
4.803
3.748
3.958
0.597
0.223
3.397
1.022
0.538
1.578
4.031
5.508
2.009
3.404
0.793
12.383
3.740
2.641
4.153
17730.157
0.280
0.963
20.640
0.296
0.565
8.243
2.596
6.111
49.814
1.934
4.128
0.539
3.598
1.387
3.134
55.727
1.722
1.801
0.364
0.825
5.749
5.659
4.040
7.135
716.503
4.390
4.111
4.447
2.680
1.513
12.450
2.188
4.516
0.398
3.007
2.420
5.309
2.577
0.546
2.081
4.915
2.899
50.350
8.248
0.527
1.413
9.129
10.066
3.312
9.611
2.494
15.614
1.574
3.678
1.436
2.532
2.090
0.709
0.514
16.318
3.151
1.990
2.624
3.005
2.682
2.082
2.202
0.617
2.633
58.317
2.790
2.278
58.419
2.786
6.046
0.996
2.245
15.330
2.556
1.849
4.267
9.018
16.364
8.644
101.872
1.008
0.031
2.287
4.932
10.473
4.565
0.429
2.273
0.168
6.838
2.099
2.281
0.721
0.930
3.813
2.493
17.900
4.271
4.275
1.475
23.156
1.949
40.551
2.222
18.890
2.282
1.919
4.476
1.847
2.078
8.342
3.141
67.713
6.870
7.067
1.601
1.788
0.345
4.337
0.601
3.430
0.673
18.828
21.617
12.625
3.413
2.808
9.871
4.339
0.703
0.549
24.230
40.570
10.613
4.008
3.058
3.882
1.260
3.189
14.508
6.894
1.785
2.656
3.658
2.598
4.027
3.846
6.209
1.239
1.842
6.950
0.750
1.450
100.326
9.719
1.143
2.194
0.050
2.883
1.546
1.977
0.783
0.408
14.047
7.517
0.842
1.909
3.557
1.771
2.461
1.500
5.234
2.144
1.324
4.081
0.274
1.048
0.996
2.737
1.380
2.631
0.021
0.862
2.119
1.698
4.191
0.830
8.090
55.911
7.238
0.138
0.529
12.031
13.779
3.256
0.366
0.550
7.228
2.702
7.378
0.603
2.034
0.261
5.212
40.529
0.630
2.605
17.381
1.695
17.039
7.358
2.660
0.326
1.180
16.555
0.417
10.491
7.436
0.314
3.370
1.156
0.167
1.815
2.148
16.386
19.331
0.077
0.560
45.064
1.247
2.842
0.353
2.601
1.336
